1624023592.6139877 1.0 0.0 0.0 0.0 0.0 1.0 0.0 0.0 0.0 0.0 1.0 0.0
1624023592.6139894 0.9811806082725525 -0.002053799806162715 -0.1930813491344452 -116.85579681396484 0.002174114342778921 0.9999976754188538 0.00041124498238787055 85.82258605957031 0.19308002293109894 -0.0008232867112383246 0.9811826944351196 -16.120763778686523
1624023592.6139913 0.9288042783737183 -0.0004000976914539933 -0.37057018280029297 -227.39430236816406 0.0004131741006858647 0.9999999403953552 -4.409255780046806e-05 169.50389099121094 0.37057018280029297 -0.00011215679842280224 0.9288043975830078 -53.256263732910156
1624023592.613993 0.8312721252441406 -0.004979096353054047 -0.5558432340621948 -330.1808776855469 0.005131633952260017 0.9999861121177673 -0.001283171004615724 254.69732666015625 0.555841863155365 -0.0017857197672128677 0.8312860727310181 -111.06511688232422
1624023592.6139948 0.9240075945854187 -0.002681297715753317 -0.38236454129219055 -239.92002868652344 0.002534473082050681 0.9999963641166687 -0.0008876744541339576 179.78497314453125 0.38236555457115173 -0.00014887479483149946 0.9240111112594604 -61.50043487548828
1624023592.6139963 0.9802637100219727 -0.00040728552266955376 -0.19769388437271118 -142.8905029296875 -2.5535696295264643e-06 0.9999978542327881 -0.002072840230539441 104.26258850097656 0.1976943016052246 0.0020324348006397486 0.9802616238594055 -30.297452926635742
1624023592.6139982 0.9998844265937805 0.0006977507146075368 -0.015193546190857887 -42.19950485229492 -0.000724839570466429 0.999998152256012 -0.001777484081685543 27.004549026489258 0.015192278660833836 0.001788291148841381 0.9998829364776611 -16.74666976928711
1624023592.6139996 0.9849997162818909 0.0036511800717562437 0.1725170910358429 59.68308639526367 -0.0031281067058444023 0.9999896883964539 -0.0033037785906344652 -50.01207733154297 -0.17252735793590546 0.002714569214731455 0.9850010275840759 -22.43821144104004
1624023592.6140015 0.9311352372169495 -0.0031620170921087265 0.36466020345687866 205.24319458007812 0.0038175492081791162 0.9999921917915344 -0.001076789223589003 -119.88943481445312 -0.36465397477149963 0.002394744660705328 0.9311400055885315 6.928901195526123
1624023592.6140032 0.9860283136367798 0.002899504965171218 0.16655239462852478 63.17067337036133 -0.002411025110632181 0.9999921917915344 -0.003135008504614234 -26.1683292388916 -0.16656018793582916 0.002689645392820239 0.9860275983810425 59.562992095947266
1624023592.614005 0.9994345307350159 0.0003009013016708195 -0.03362269699573517 -45.5997314453125 -0.00036670267581939697 0.9999980926513672 -0.001950907171703875 14.818580627441406 0.03362202271819115 0.001962133916094899 0.9994326233863831 11.986333847045898
1624023592.6140065 0.9736027717590332 -0.0009976731380447745 -0.22824686765670776 -143.16867065429688 0.000981742050498724 0.9999995231628418 -0.00018333591287955642 56.0678596496582 0.22824692726135254 -4.55831759609282e-05 0.9736032485961914 -55.90071487426758
1624023592.6140084 0.9083929657936096 -0.00197179545648396 -0.4181126654148102 -225.94151306152344 0.0034584226086735725 0.9999900460243225 0.0027978848665952682 96.71829986572266 0.41810303926467896 -0.003987590316683054 0.9083908796310425 -141.932861328125
1624023592.6140099 0.8103439807891846 -0.0011954165529459715 -0.5859531760215759 -289.5106506347656 0.0035447084810584784 0.9999895691871643 0.002862052759155631 136.8063507080078 0.5859437584877014 -0.004396280739456415 0.8103398680686951 -242.75486755371094
1624023592.6140118 0.6877655982971191 -0.002371694892644882 -0.7259289026260376 -332.4330139160156 0.007610314525663853 0.9999632835388184 0.003943230491131544 176.8470458984375 0.725892961025238 -0.008236567489802837 0.6877583861351013 -353.8843688964844
1624023592.6140134 0.5320468544960022 -0.000935027957893908 -0.846714437007904 -353.6835632324219 0.009464571252465248 0.9999434947967529 0.004842979833483696 216.0558624267578 0.8466620445251465 -0.010590480640530586 0.5320256352424622 -471.12139892578125
1624023592.614018 0.6872320771217346 0.001858771895058453 -0.7264355421066284 -356.7587585449219 0.0028755073435604572 0.9999819397926331 0.005279035307466984 178.5188751220703 0.7264323234558105 -0.005716793239116669 0.6872143745422363 -386.10589599609375
1624023592.6140199 0.8063933253288269 0.001018384238705039 -0.5913786888122559 -343.4880065917969 0.0020520733669400215 0.9999876022338867 0.0045202006585896015 140.75807189941406 0.591376006603241 -0.004858612548559904 0.8063812851905823 -302.0758056640625
1624023592.6140215 0.9044473767280579 0.0010960245272144675 -0.42658382654190063 -315.0686950683594 0.00012331547623034567 0.9999959468841553 0.0028307512402534485 102.56916809082031 0.4265851378440857 -0.002612869953736663 0.9044436812400818 -221.8388214111328
1624023592.6140232 0.9699393510818481 0.003995801787823439 -0.24331381916999817 -271.10345458984375 -0.004202808253467083 0.9999910593032837 -0.0003316851216368377 63.931522369384766 0.24331031739711761 0.0013443161733448505 0.9699476361274719 -148.279052734375
1624023592.6140249 0.9971972107887268 -0.0005096415989100933 -0.07481511682271957 -126.90514373779297 0.0006499353912658989 0.9999980330467224 0.0018508716020733118 -13.024322509765625 0.07481402158737183 -0.0018943091854453087 0.9971957206726074 -44.28398895263672
1624023592.6140265 0.9959326982498169 -0.0017096789088100195 0.0900835320353508 22.320533752441406 0.001612277701497078 0.9999980330467224 0.0011539888801053166 -25.25342559814453 -0.09008533507585526 -0.0010040556080639362 0.9959335923194885 51.66731262207031
1624023592.6140282 0.9598947763442993 0.0012430896749719977 0.2803577780723572 87.4287338256836 -0.0006280578090809286 0.9999971985816956 -0.002283570822328329 -33.66899871826172 -0.28035983443260193 0.0020159066189080477 0.9598928689956665 94.05570220947266
1624023592.6140301 0.8860988020896912 0.00404918659478426 0.4634787440299988 212.86203002929688 -0.0018180640181526542 0.9999845027923584 -0.005260520614683628 -53.6182746887207 -0.46349287033081055 0.0038187068421393633 0.8860923647880554 139.92213439941406
1624023592.6140316 0.7744783163070679 0.017077654600143433 0.6323698163032532 201.1747283935547 -0.013638472184538841 0.9998539090156555 -0.010298497974872589 -88.24958801269531 -0.6324533224105835 -0.0006485956837423146 0.7745981812477112 59.632991790771484
1624023592.6140335 0.626171350479126 0.024277228862047195 0.7793074250221252 180.602783203125 -0.015055421739816666 0.9997051954269409 -0.01904614269733429 -95.5234146118164 -0.7795401215553284 0.0001933484454639256 0.6263522505760193 66.2471923828125
1624023592.6140335 0.626171350479126 0.024277228862047195 0.7793074250221252 180.602783203125 -0.015055421739816666 0.9997051954269409 -0.01904614269733429 -95.5234146118164 -0.7795401215553284 0.0001933484454639256 0.6263522505760193 66.2471923828125
1624023592.6140335 0.626171350479126 0.024277228862047195 0.7793074250221252 180.602783203125 -0.015055421739816666 0.9997051954269409 -0.01904614269733429 -95.5234146118164 -0.7795401215553284 0.0001933484454639256 0.6263522505760193 66.2471923828125
1624023592.6140335 0.626171350479126 0.024277228862047195 0.7793074250221252 180.602783203125 -0.015055421739816666 0.9997051954269409 -0.01904614269733429 -95.5234146118164 -0.7795401215553284 0.0001933484454639256 0.6263522505760193 66.2471923828125
1624023592.6140335 0.626171350479126 0.024277228862047195 0.7793074250221252 180.602783203125 -0.015055421739816666 0.9997051954269409 -0.01904614269733429 -95.5234146118164 -0.7795401215553284 0.0001933484454639256 0.6263522505760193 66.2471923828125
1624023592.6140335 0.626171350479126 0.024277228862047195 0.7793074250221252 180.602783203125 -0.015055421739816666 0.9997051954269409 -0.01904614269733429 -95.5234146118164 -0.7795401215553284 0.0001933484454639256 0.6263522505760193 66.2471923828125
1624023592.6140335 0.626171350479126 0.024277228862047195 0.7793074250221252 180.602783203125 -0.015055421739816666 0.9997051954269409 -0.01904614269733429 -95.5234146118164 -0.7795401215553284 0.0001933484454639256 0.6263522505760193 66.2471923828125
1624023592.6140335 0.626171350479126 0.024277228862047195 0.7793074250221252 180.602783203125 -0.015055421739816666 0.9997051954269409 -0.01904614269733429 -95.5234146118164 -0.7795401215553284 0.0001933484454639256 0.6263522505760193 66.2471923828125
1624023592.6140335 0.626171350479126 0.024277228862047195 0.7793074250221252 180.602783203125 -0.015055421739816666 0.9997051954269409 -0.01904614269733429 -95.5234146118164 -0.7795401215553284 0.0001933484454639256 0.6263522505760193 66.2471923828125
1624023592.6140335 0.626171350479126 0.024277228862047195 0.7793074250221252 180.602783203125 -0.015055421739816666 0.9997051954269409 -0.01904614269733429 -95.5234146118164 -0.7795401215553284 0.0001933484454639256 0.6263522505760193 66.2471923828125
1624023592.6140335 0.626171350479126 0.024277228862047195 0.7793074250221252 180.602783203125 -0.015055421739816666 0.9997051954269409 -0.01904614269733429 -95.5234146118164 -0.7795401215553284 0.0001933484454639256 0.6263522505760193 66.2471923828125
1624023592.6140335 0.626171350479126 0.024277228862047195 0.7793074250221252 180.602783203125 -0.015055421739816666 0.9997051954269409 -0.01904614269733429 -95.5234146118164 -0.7795401215553284 0.0001933484454639256 0.6263522505760193 66.2471923828125
1624023592.6140335 0.626171350479126 0.024277228862047195 0.7793074250221252 180.602783203125 -0.015055421739816666 0.9997051954269409 -0.01904614269733429 -95.5234146118164 -0.7795401215553284 0.0001933484454639256 0.6263522505760193 66.2471923828125
1624023592.6140335 0.626171350479126 0.024277228862047195 0.7793074250221252 180.602783203125 -0.015055421739816666 0.9997051954269409 -0.01904614269733429 -95.5234146118164 -0.7795401215553284 0.0001933484454639256 0.6263522505760193 66.2471923828125
1624023592.6140335 0.626171350479126 0.024277228862047195 0.7793074250221252 180.602783203125 -0.015055421739816666 0.9997051954269409 -0.01904614269733429 -95.5234146118164 -0.7795401215553284 0.0001933484454639256 0.6263522505760193 66.2471923828125
1624023592.6140335 0.626171350479126 0.024277228862047195 0.7793074250221252 180.602783203125 -0.015055421739816666 0.9997051954269409 -0.01904614269733429 -95.5234146118164 -0.7795401215553284 0.0001933484454639256 0.6263522505760193 66.2471923828125
1624023592.6140335 0.626171350479126 0.024277228862047195 0.7793074250221252 180.602783203125 -0.015055421739816666 0.9997051954269409 -0.01904614269733429 -95.5234146118164 -0.7795401215553284 0.0001933484454639256 0.6263522505760193 66.2471923828125
1624023592.6140335 0.626171350479126 0.024277228862047195 0.7793074250221252 180.602783203125 -0.015055421739816666 0.9997051954269409 -0.01904614269733429 -95.5234146118164 -0.7795401215553284 0.0001933484454639256 0.6263522505760193 66.2471923828125
1624023592.6140335 0.626171350479126 0.024277228862047195 0.7793074250221252 180.602783203125 -0.015055421739816666 0.9997051954269409 -0.01904614269733429 -95.5234146118164 -0.7795401215553284 0.0001933484454639256 0.6263522505760193 66.2471923828125
1624023592.6140335 0.626171350479126 0.024277228862047195 0.7793074250221252 180.602783203125 -0.015055421739816666 0.9997051954269409 -0.01904614269733429 -95.5234146118164 -0.7795401215553284 0.0001933484454639256 0.6263522505760193 66.2471923828125
1624023592.6140335 0.626171350479126 0.024277228862047195 0.7793074250221252 180.602783203125 -0.015055421739816666 0.9997051954269409 -0.01904614269733429 -95.5234146118164 -0.7795401215553284 0.0001933484454639256 0.6263522505760193 66.2471923828125
1624023592.6140335 0.626171350479126 0.024277228862047195 0.7793074250221252 180.602783203125 -0.015055421739816666 0.9997051954269409 -0.01904614269733429 -95.5234146118164 -0.7795401215553284 0.0001933484454639256 0.6263522505760193 66.2471923828125
1624023592.6140335 0.626171350479126 0.024277228862047195 0.7793074250221252 180.602783203125 -0.015055421739816666 0.9997051954269409 -0.01904614269733429 -95.5234146118164 -0.7795401215553284 0.0001933484454639256 0.6263522505760193 66.2471923828125
1624023592.6140335 0.626171350479126 0.024277228862047195 0.7793074250221252 180.602783203125 -0.015055421739816666 0.9997051954269409 -0.01904614269733429 -95.5234146118164 -0.7795401215553284 0.0001933484454639256 0.6263522505760193 66.2471923828125
1624023592.6140335 0.626171350479126 0.024277228862047195 0.7793074250221252 180.602783203125 -0.015055421739816666 0.9997051954269409 -0.01904614269733429 -95.5234146118164 -0.7795401215553284 0.0001933484454639256 0.6263522505760193 66.2471923828125
1624023592.6140335 0.626171350479126 0.024277228862047195 0.7793074250221252 180.602783203125 -0.015055421739816666 0.9997051954269409 -0.01904614269733429 -95.5234146118164 -0.7795401215553284 0.0001933484454639256 0.6263522505760193 66.2471923828125
1624023592.6140335 0.626171350479126 0.024277228862047195 0.7793074250221252 180.602783203125 -0.015055421739816666 0.9997051954269409 -0.01904614269733429 -95.5234146118164 -0.7795401215553284 0.0001933484454639256 0.6263522505760193 66.2471923828125
1624023592.6140335 0.626171350479126 0.024277228862047195 0.7793074250221252 180.602783203125 -0.015055421739816666 0.9997051954269409 -0.01904614269733429 -95.5234146118164 -0.7795401215553284 0.0001933484454639256 0.6263522505760193 66.2471923828125
1624023592.6140335 0.626171350479126 0.024277228862047195 0.7793074250221252 180.602783203125 -0.015055421739816666 0.9997051954269409 -0.01904614269733429 -95.5234146118164 -0.7795401215553284 0.0001933484454639256 0.6263522505760193 66.2471923828125
1624023592.6140335 0.626171350479126 0.024277228862047195 0.7793074250221252 180.602783203125 -0.015055421739816666 0.9997051954269409 -0.01904614269733429 -95.5234146118164 -0.7795401215553284 0.0001933484454639256 0.6263522505760193 66.2471923828125
1624023592.6140335 0.626171350479126 0.024277228862047195 0.7793074250221252 180.602783203125 -0.015055421739816666 0.9997051954269409 -0.01904614269733429 -95.5234146118164 -0.7795401215553284 0.0001933484454639256 0.6263522505760193 66.2471923828125
1624023592.6140335 0.626171350479126 0.024277228862047195 0.7793074250221252 180.602783203125 -0.015055421739816666 0.9997051954269409 -0.01904614269733429 -95.5234146118164 -0.7795401215553284 0.0001933484454639256 0.6263522505760193 66.2471923828125
1624023592.6140335 0.626171350479126 0.024277228862047195 0.7793074250221252 180.602783203125 -0.015055421739816666 0.9997051954269409 -0.01904614269733429 -95.5234146118164 -0.7795401215553284 0.0001933484454639256 0.6263522505760193 66.2471923828125
1624023592.6140335 0.626171350479126 0.024277228862047195 0.7793074250221252 180.602783203125 -0.015055421739816666 0.9997051954269409 -0.01904614269733429 -95.5234146118164 -0.7795401215553284 0.0001933484454639256 0.6263522505760193 66.2471923828125
1624023592.6140335 0.626171350479126 0.024277228862047195 0.7793074250221252 180.602783203125 -0.015055421739816666 0.9997051954269409 -0.01904614269733429 -95.5234146118164 -0.7795401215553284 0.0001933484454639256 0.6263522505760193 66.2471923828125
1624023592.6140335 0.626171350479126 0.024277228862047195 0.7793074250221252 180.602783203125 -0.015055421739816666 0.9997051954269409 -0.01904614269733429 -95.5234146118164 -0.7795401215553284 0.0001933484454639256 0.6263522505760193 66.2471923828125
1624023592.6140335 0.626171350479126 0.024277228862047195 0.7793074250221252 180.602783203125 -0.015055421739816666 0.9997051954269409 -0.01904614269733429 -95.5234146118164 -0.7795401215553284 0.0001933484454639256 0.6263522505760193 66.2471923828125
1624023592.6140335 0.626171350479126 0.024277228862047195 0.7793074250221252 180.602783203125 -0.015055421739816666 0.9997051954269409 -0.01904614269733429 -95.5234146118164 -0.7795401215553284 0.0001933484454639256 0.6263522505760193 66.2471923828125
1624023592.6140335 0.626171350479126 0.024277228862047195 0.7793074250221252 180.602783203125 -0.015055421739816666 0.9997051954269409 -0.01904614269733429 -95.5234146118164 -0.7795401215553284 0.0001933484454639256 0.6263522505760193 66.2471923828125
1624023592.6140335 0.626171350479126 0.024277228862047195 0.7793074250221252 180.602783203125 -0.015055421739816666 0.9997051954269409 -0.01904614269733429 -95.5234146118164 -0.7795401215553284 0.0001933484454639256 0.6263522505760193 66.2471923828125
1624023592.6140335 0.626171350479126 0.024277228862047195 0.7793074250221252 180.602783203125 -0.015055421739816666 0.9997051954269409 -0.01904614269733429 -95.5234146118164 -0.7795401215553284 0.0001933484454639256 0.6263522505760193 66.2471923828125
1624023592.6140335 0.626171350479126 0.024277228862047195 0.7793074250221252 180.602783203125 -0.015055421739816666 0.9997051954269409 -0.01904614269733429 -95.5234146118164 -0.7795401215553284 0.0001933484454639256 0.6263522505760193 66.2471923828125
1624023592.6140335 0.626171350479126 0.024277228862047195 0.7793074250221252 180.602783203125 -0.015055421739816666 0.9997051954269409 -0.01904614269733429 -95.5234146118164 -0.7795401215553284 0.0001933484454639256 0.6263522505760193 66.2471923828125
1624023592.6140335 0.626171350479126 0.024277228862047195 0.7793074250221252 180.602783203125 -0.015055421739816666 0.9997051954269409 -0.01904614269733429 -95.5234146118164 -0.7795401215553284 0.0001933484454639256 0.6263522505760193 66.2471923828125
1624023592.6140335 0.626171350479126 0.024277228862047195 0.7793074250221252 180.602783203125 -0.015055421739816666 0.9997051954269409 -0.01904614269733429 -95.5234146118164 -0.7795401215553284 0.0001933484454639256 0.6263522505760193 66.2471923828125
1624023592.6140335 0.626171350479126 0.024277228862047195 0.7793074250221252 180.602783203125 -0.015055421739816666 0.9997051954269409 -0.01904614269733429 -95.5234146118164 -0.7795401215553284 0.0001933484454639256 0.6263522505760193 66.2471923828125
1624023592.6140335 0.626171350479126 0.024277228862047195 0.7793074250221252 180.602783203125 -0.015055421739816666 0.9997051954269409 -0.01904614269733429 -95.5234146118164 -0.7795401215553284 0.0001933484454639256 0.6263522505760193 66.2471923828125
1624023592.6140335 0.626171350479126 0.024277228862047195 0.7793074250221252 180.602783203125 -0.015055421739816666 0.9997051954269409 -0.01904614269733429 -95.5234146118164 -0.7795401215553284 0.0001933484454639256 0.6263522505760193 66.2471923828125
1624023592.6140335 0.626171350479126 0.024277228862047195 0.7793074250221252 180.602783203125 -0.015055421739816666 0.9997051954269409 -0.01904614269733429 -95.5234146118164 -0.7795401215553284 0.0001933484454639256 0.6263522505760193 66.2471923828125
1624023592.6140335 0.626171350479126 0.024277228862047195 0.7793074250221252 180.602783203125 -0.015055421739816666 0.9997051954269409 -0.01904614269733429 -95.5234146118164 -0.7795401215553284 0.0001933484454639256 0.6263522505760193 66.2471923828125
1624023592.6140335 0.626171350479126 0.024277228862047195 0.7793074250221252 180.602783203125 -0.015055421739816666 0.9997051954269409 -0.01904614269733429 -95.5234146118164 -0.7795401215553284 0.0001933484454639256 0.6263522505760193 66.2471923828125
1624023592.6140335 0.626171350479126 0.024277228862047195 0.7793074250221252 180.602783203125 -0.015055421739816666 0.9997051954269409 -0.01904614269733429 -95.5234146118164 -0.7795401215553284 0.0001933484454639256 0.6263522505760193 66.2471923828125
1624023592.6140335 0.626171350479126 0.024277228862047195 0.7793074250221252 180.602783203125 -0.015055421739816666 0.9997051954269409 -0.01904614269733429 -95.5234146118164 -0.7795401215553284 0.0001933484454639256 0.6263522505760193 66.2471923828125
1624023592.6140335 0.626171350479126 0.024277228862047195 0.7793074250221252 180.602783203125 -0.015055421739816666 0.9997051954269409 -0.01904614269733429 -95.5234146118164 -0.7795401215553284 0.0001933484454639256 0.6263522505760193 66.2471923828125
1624023592.6140335 0.626171350479126 0.024277228862047195 0.7793074250221252 180.602783203125 -0.015055421739816666 0.9997051954269409 -0.01904614269733429 -95.5234146118164 -0.7795401215553284 0.0001933484454639256 0.6263522505760193 66.2471923828125
1624023592.6140335 0.626171350479126 0.024277228862047195 0.7793074250221252 180.602783203125 -0.015055421739816666 0.9997051954269409 -0.01904614269733429 -95.5234146118164 -0.7795401215553284 0.0001933484454639256 0.6263522505760193 66.2471923828125
1624023592.6140335 0.626171350479126 0.024277228862047195 0.7793074250221252 180.602783203125 -0.015055421739816666 0.9997051954269409 -0.01904614269733429 -95.5234146118164 -0.7795401215553284 0.0001933484454639256 0.6263522505760193 66.2471923828125
1624023592.6140335 0.626171350479126 0.024277228862047195 0.7793074250221252 180.602783203125 -0.015055421739816666 0.9997051954269409 -0.01904614269733429 -95.5234146118164 -0.7795401215553284 0.0001933484454639256 0.6263522505760193 66.2471923828125
1624023592.6140335 0.626171350479126 0.024277228862047195 0.7793074250221252 180.602783203125 -0.015055421739816666 0.9997051954269409 -0.01904614269733429 -95.5234146118164 -0.7795401215553284 0.0001933484454639256 0.6263522505760193 66.2471923828125
1624023592.6140335 0.626171350479126 0.024277228862047195 0.7793074250221252 180.602783203125 -0.015055421739816666 0.9997051954269409 -0.01904614269733429 -95.5234146118164 -0.7795401215553284 0.0001933484454639256 0.6263522505760193 66.2471923828125
1624023592.6140335 0.626171350479126 0.024277228862047195 0.7793074250221252 180.602783203125 -0.015055421739816666 0.9997051954269409 -0.01904614269733429 -95.5234146118164 -0.7795401215553284 0.0001933484454639256 0.6263522505760193 66.2471923828125
1624023592.6140335 0.626171350479126 0.024277228862047195 0.7793074250221252 180.602783203125 -0.015055421739816666 0.9997051954269409 -0.01904614269733429 -95.5234146118164 -0.7795401215553284 0.0001933484454639256 0.6263522505760193 66.2471923828125
1624023592.6140335 0.626171350479126 0.024277228862047195 0.7793074250221252 180.602783203125 -0.015055421739816666 0.9997051954269409 -0.01904614269733429 -95.5234146118164 -0.7795401215553284 0.0001933484454639256 0.6263522505760193 66.2471923828125
1624023592.6140335 0.626171350479126 0.024277228862047195 0.7793074250221252 180.602783203125 -0.015055421739816666 0.9997051954269409 -0.01904614269733429 -95.5234146118164 -0.7795401215553284 0.0001933484454639256 0.6263522505760193 66.2471923828125
1624023592.6140335 0.626171350479126 0.024277228862047195 0.7793074250221252 180.602783203125 -0.015055421739816666 0.9997051954269409 -0.01904614269733429 -95.5234146118164 -0.7795401215553284 0.0001933484454639256 0.6263522505760193 66.2471923828125
1624023592.6140335 0.626171350479126 0.024277228862047195 0.7793074250221252 180.602783203125 -0.015055421739816666 0.9997051954269409 -0.01904614269733429 -95.5234146118164 -0.7795401215553284 0.0001933484454639256 0.6263522505760193 66.2471923828125
1624023592.6140335 0.626171350479126 0.024277228862047195 0.7793074250221252 180.602783203125 -0.015055421739816666 0.9997051954269409 -0.01904614269733429 -95.5234146118164 -0.7795401215553284 0.0001933484454639256 0.6263522505760193 66.2471923828125
1624023592.6140335 0.626171350479126 0.024277228862047195 0.7793074250221252 180.602783203125 -0.015055421739816666 0.9997051954269409 -0.01904614269733429 -95.5234146118164 -0.7795401215553284 0.0001933484454639256 0.6263522505760193 66.2471923828125
1624023592.6140335 0.626171350479126 0.024277228862047195 0.7793074250221252 180.602783203125 -0.015055421739816666 0.9997051954269409 -0.01904614269733429 -95.5234146118164 -0.7795401215553284 0.0001933484454639256 0.6263522505760193 66.2471923828125
1624023592.6140335 0.626171350479126 0.024277228862047195 0.7793074250221252 180.602783203125 -0.015055421739816666 0.9997051954269409 -0.01904614269733429 -95.5234146118164 -0.7795401215553284 0.0001933484454639256 0.6263522505760193 66.2471923828125
1624023592.6140335 0.626171350479126 0.024277228862047195 0.7793074250221252 180.602783203125 -0.015055421739816666 0.9997051954269409 -0.01904614269733429 -95.5234146118164 -0.7795401215553284 0.0001933484454639256 0.6263522505760193 66.2471923828125
1624023592.6140335 0.626171350479126 0.024277228862047195 0.7793074250221252 180.602783203125 -0.015055421739816666 0.9997051954269409 -0.01904614269733429 -95.5234146118164 -0.7795401215553284 0.0001933484454639256 0.6263522505760193 66.2471923828125
1624023592.6140335 0.626171350479126 0.024277228862047195 0.7793074250221252 180.602783203125 -0.015055421739816666 0.9997051954269409 -0.01904614269733429 -95.5234146118164 -0.7795401215553284 0.0001933484454639256 0.6263522505760193 66.2471923828125
1624023592.6140335 0.626171350479126 0.024277228862047195 0.7793074250221252 180.602783203125 -0.015055421739816666 0.9997051954269409 -0.01904614269733429 -95.5234146118164 -0.7795401215553284 0.0001933484454639256 0.6263522505760193 66.2471923828125
1624023592.6140335 0.626171350479126 0.024277228862047195 0.7793074250221252 180.602783203125 -0.015055421739816666 0.9997051954269409 -0.01904614269733429 -95.5234146118164 -0.7795401215553284 0.0001933484454639256 0.6263522505760193 66.2471923828125
1624023592.6140335 0.626171350479126 0.024277228862047195 0.7793074250221252 180.602783203125 -0.015055421739816666 0.9997051954269409 -0.01904614269733429 -95.5234146118164 -0.7795401215553284 0.0001933484454639256 0.6263522505760193 66.2471923828125
1624023592.6140335 0.626171350479126 0.024277228862047195 0.7793074250221252 180.602783203125 -0.015055421739816666 0.9997051954269409 -0.01904614269733429 -95.5234146118164 -0.7795401215553284 0.0001933484454639256 0.6263522505760193 66.2471923828125
1624023592.6140335 0.626171350479126 0.024277228862047195 0.7793074250221252 180.602783203125 -0.015055421739816666 0.9997051954269409 -0.01904614269733429 -95.5234146118164 -0.7795401215553284 0.0001933484454639256 0.6263522505760193 66.2471923828125
1624023592.6140335 0.626171350479126 0.024277228862047195 0.7793074250221252 180.602783203125 -0.015055421739816666 0.9997051954269409 -0.01904614269733429 -95.5234146118164 -0.7795401215553284 0.0001933484454639256 0.6263522505760193 66.2471923828125
1624023592.6140335 0.626171350479126 0.024277228862047195 0.7793074250221252 180.602783203125 -0.015055421739816666 0.9997051954269409 -0.01904614269733429 -95.5234146118164 -0.7795401215553284 0.0001933484454639256 0.6263522505760193 66.2471923828125
1624023592.6140335 0.626171350479126 0.024277228862047195 0.7793074250221252 180.602783203125 -0.015055421739816666 0.9997051954269409 -0.01904614269733429 -95.5234146118164 -0.7795401215553284 0.0001933484454639256 0.6263522505760193 66.2471923828125
1624023592.6140335 0.626171350479126 0.024277228862047195 0.7793074250221252 180.602783203125 -0.015055421739816666 0.9997051954269409 -0.01904614269733429 -95.5234146118164 -0.7795401215553284 0.0001933484454639256 0.6263522505760193 66.2471923828125
1624023592.6140335 0.626171350479126 0.024277228862047195 0.7793074250221252 180.602783203125 -0.015055421739816666 0.9997051954269409 -0.01904614269733429 -95.5234146118164 -0.7795401215553284 0.0001933484454639256 0.6263522505760193 66.2471923828125
1624023592.6140335 0.626171350479126 0.024277228862047195 0.7793074250221252 180.602783203125 -0.015055421739816666 0.9997051954269409 -0.01904614269733429 -95.5234146118164 -0.7795401215553284 0.0001933484454639256 0.6263522505760193 66.2471923828125
1624023592.6140335 0.626171350479126 0.024277228862047195 0.7793074250221252 180.602783203125 -0.015055421739816666 0.9997051954269409 -0.01904614269733429 -95.5234146118164 -0.7795401215553284 0.0001933484454639256 0.6263522505760193 66.2471923828125
1624023592.6140335 0.626171350479126 0.024277228862047195 0.7793074250221252 180.602783203125 -0.015055421739816666 0.9997051954269409 -0.01904614269733429 -95.5234146118164 -0.7795401215553284 0.0001933484454639256 0.6263522505760193 66.2471923828125
1624023592.6140335 0.626171350479126 0.024277228862047195 0.7793074250221252 180.602783203125 -0.015055421739816666 0.9997051954269409 -0.01904614269733429 -95.5234146118164 -0.7795401215553284 0.0001933484454639256 0.6263522505760193 66.2471923828125
1624023592.6140335 0.626171350479126 0.024277228862047195 0.7793074250221252 180.602783203125 -0.015055421739816666 0.9997051954269409 -0.01904614269733429 -95.5234146118164 -0.7795401215553284 0.0001933484454639256 0.6263522505760193 66.2471923828125
1624023592.6140335 0.626171350479126 0.024277228862047195 0.7793074250221252 180.602783203125 -0.015055421739816666 0.9997051954269409 -0.01904614269733429 -95.5234146118164 -0.7795401215553284 0.0001933484454639256 0.6263522505760193 66.2471923828125
1624023592.6140335 0.626171350479126 0.024277228862047195 0.7793074250221252 180.602783203125 -0.015055421739816666 0.9997051954269409 -0.01904614269733429 -95.5234146118164 -0.7795401215553284 0.0001933484454639256 0.6263522505760193 66.2471923828125
1624023592.6140335 0.626171350479126 0.024277228862047195 0.7793074250221252 180.602783203125 -0.015055421739816666 0.9997051954269409 -0.01904614269733429 -95.5234146118164 -0.7795401215553284 0.0001933484454639256 0.6263522505760193 66.2471923828125
1624023592.6140335 0.626171350479126 0.024277228862047195 0.7793074250221252 180.602783203125 -0.015055421739816666 0.9997051954269409 -0.01904614269733429 -95.5234146118164 -0.7795401215553284 0.0001933484454639256 0.6263522505760193 66.2471923828125
1624023592.6140335 0.626171350479126 0.024277228862047195 0.7793074250221252 180.602783203125 -0.015055421739816666 0.9997051954269409 -0.01904614269733429 -95.5234146118164 -0.7795401215553284 0.0001933484454639256 0.6263522505760193 66.2471923828125
1624023592.6140335 0.626171350479126 0.024277228862047195 0.7793074250221252 180.602783203125 -0.015055421739816666 0.9997051954269409 -0.01904614269733429 -95.5234146118164 -0.7795401215553284 0.0001933484454639256 0.6263522505760193 66.2471923828125
1624023592.6140335 0.626171350479126 0.024277228862047195 0.7793074250221252 180.602783203125 -0.015055421739816666 0.9997051954269409 -0.01904614269733429 -95.5234146118164 -0.7795401215553284 0.0001933484454639256 0.6263522505760193 66.2471923828125
1624023592.6140335 0.626171350479126 0.024277228862047195 0.7793074250221252 180.602783203125 -0.015055421739816666 0.9997051954269409 -0.01904614269733429 -95.5234146118164 -0.7795401215553284 0.0001933484454639256 0.6263522505760193 66.2471923828125
1624023592.6140335 0.626171350479126 0.024277228862047195 0.7793074250221252 180.602783203125 -0.015055421739816666 0.9997051954269409 -0.01904614269733429 -95.5234146118164 -0.7795401215553284 0.0001933484454639256 0.6263522505760193 66.2471923828125
1624023592.6140335 0.626171350479126 0.024277228862047195 0.7793074250221252 180.602783203125 -0.015055421739816666 0.9997051954269409 -0.01904614269733429 -95.5234146118164 -0.7795401215553284 0.0001933484454639256 0.6263522505760193 66.2471923828125
1624023592.6140335 0.626171350479126 0.024277228862047195 0.7793074250221252 180.602783203125 -0.015055421739816666 0.9997051954269409 -0.01904614269733429 -95.5234146118164 -0.7795401215553284 0.0001933484454639256 0.6263522505760193 66.2471923828125
1624023592.6140335 0.626171350479126 0.024277228862047195 0.7793074250221252 180.602783203125 -0.015055421739816666 0.9997051954269409 -0.01904614269733429 -95.5234146118164 -0.7795401215553284 0.0001933484454639256 0.6263522505760193 66.2471923828125
1624023592.6140335 0.626171350479126 0.024277228862047195 0.7793074250221252 180.602783203125 -0.015055421739816666 0.9997051954269409 -0.01904614269733429 -95.5234146118164 -0.7795401215553284 0.0001933484454639256 0.6263522505760193 66.2471923828125
1624023592.6140335 0.626171350479126 0.024277228862047195 0.7793074250221252 180.602783203125 -0.015055421739816666 0.9997051954269409 -0.01904614269733429 -95.5234146118164 -0.7795401215553284 0.0001933484454639256 0.6263522505760193 66.2471923828125
1624023592.6140335 0.626171350479126 0.024277228862047195 0.7793074250221252 180.602783203125 -0.015055421739816666 0.9997051954269409 -0.01904614269733429 -95.5234146118164 -0.7795401215553284 0.0001933484454639256 0.6263522505760193 66.2471923828125
1624023592.6140335 0.626171350479126 0.024277228862047195 0.7793074250221252 180.602783203125 -0.015055421739816666 0.9997051954269409 -0.01904614269733429 -95.5234146118164 -0.7795401215553284 0.0001933484454639256 0.6263522505760193 66.2471923828125
1624023592.6140335 0.626171350479126 0.024277228862047195 0.7793074250221252 180.602783203125 -0.015055421739816666 0.9997051954269409 -0.01904614269733429 -95.5234146118164 -0.7795401215553284 0.0001933484454639256 0.6263522505760193 66.2471923828125
1624023592.6140335 0.626171350479126 0.024277228862047195 0.7793074250221252 180.602783203125 -0.015055421739816666 0.9997051954269409 -0.01904614269733429 -95.5234146118164 -0.7795401215553284 0.0001933484454639256 0.6263522505760193 66.2471923828125
1624023592.6140335 0.626171350479126 0.024277228862047195 0.7793074250221252 180.602783203125 -0.015055421739816666 0.9997051954269409 -0.01904614269733429 -95.5234146118164 -0.7795401215553284 0.0001933484454639256 0.6263522505760193 66.2471923828125
1624023592.6140335 0.626171350479126 0.024277228862047195 0.7793074250221252 180.602783203125 -0.015055421739816666 0.9997051954269409 -0.01904614269733429 -95.5234146118164 -0.7795401215553284 0.0001933484454639256 0.6263522505760193 66.2471923828125
1624023592.6140335 0.626171350479126 0.024277228862047195 0.7793074250221252 180.602783203125 -0.015055421739816666 0.9997051954269409 -0.01904614269733429 -95.5234146118164 -0.7795401215553284 0.0001933484454639256 0.6263522505760193 66.2471923828125
1624023592.6140335 0.626171350479126 0.024277228862047195 0.7793074250221252 180.602783203125 -0.015055421739816666 0.9997051954269409 -0.01904614269733429 -95.5234146118164 -0.7795401215553284 0.0001933484454639256 0.6263522505760193 66.2471923828125
1624023592.6140335 0.626171350479126 0.024277228862047195 0.7793074250221252 180.602783203125 -0.015055421739816666 0.9997051954269409 -0.01904614269733429 -95.5234146118164 -0.7795401215553284 0.0001933484454639256 0.6263522505760193 66.2471923828125
1624023592.6140335 0.626171350479126 0.024277228862047195 0.7793074250221252 180.602783203125 -0.015055421739816666 0.9997051954269409 -0.01904614269733429 -95.5234146118164 -0.7795401215553284 0.0001933484454639256 0.6263522505760193 66.2471923828125
1624023592.6140335 0.626171350479126 0.024277228862047195 0.7793074250221252 180.602783203125 -0.015055421739816666 0.9997051954269409 -0.01904614269733429 -95.5234146118164 -0.7795401215553284 0.0001933484454639256 0.6263522505760193 66.2471923828125
1624023592.6140335 0.626171350479126 0.024277228862047195 0.7793074250221252 180.602783203125 -0.015055421739816666 0.9997051954269409 -0.01904614269733429 -95.5234146118164 -0.7795401215553284 0.0001933484454639256 0.6263522505760193 66.2471923828125
1624023592.6140335 0.626171350479126 0.024277228862047195 0.7793074250221252 180.602783203125 -0.015055421739816666 0.9997051954269409 -0.01904614269733429 -95.5234146118164 -0.7795401215553284 0.0001933484454639256 0.6263522505760193 66.2471923828125
1624023592.6140335 0.626171350479126 0.024277228862047195 0.7793074250221252 180.602783203125 -0.015055421739816666 0.9997051954269409 -0.01904614269733429 -95.5234146118164 -0.7795401215553284 0.0001933484454639256 0.6263522505760193 66.2471923828125
1624023592.6140335 0.626171350479126 0.024277228862047195 0.7793074250221252 180.602783203125 -0.015055421739816666 0.9997051954269409 -0.01904614269733429 -95.5234146118164 -0.7795401215553284 0.0001933484454639256 0.6263522505760193 66.2471923828125
1624023592.6140335 0.626171350479126 0.024277228862047195 0.7793074250221252 180.602783203125 -0.015055421739816666 0.9997051954269409 -0.01904614269733429 -95.5234146118164 -0.7795401215553284 0.0001933484454639256 0.6263522505760193 66.2471923828125
1624023592.6140335 0.626171350479126 0.024277228862047195 0.7793074250221252 180.602783203125 -0.015055421739816666 0.9997051954269409 -0.01904614269733429 -95.5234146118164 -0.7795401215553284 0.0001933484454639256 0.6263522505760193 66.2471923828125
1624023592.6140335 0.626171350479126 0.024277228862047195 0.7793074250221252 180.602783203125 -0.015055421739816666 0.9997051954269409 -0.01904614269733429 -95.5234146118164 -0.7795401215553284 0.0001933484454639256 0.6263522505760193 66.2471923828125
1624023592.6140335 0.626171350479126 0.024277228862047195 0.7793074250221252 180.602783203125 -0.015055421739816666 0.9997051954269409 -0.01904614269733429 -95.5234146118164 -0.7795401215553284 0.0001933484454639256 0.6263522505760193 66.2471923828125
1624023592.6140335 0.626171350479126 0.024277228862047195 0.7793074250221252 180.602783203125 -0.015055421739816666 0.9997051954269409 -0.01904614269733429 -95.5234146118164 -0.7795401215553284 0.0001933484454639256 0.6263522505760193 66.2471923828125
1624023592.6140335 0.626171350479126 0.024277228862047195 0.7793074250221252 180.602783203125 -0.015055421739816666 0.9997051954269409 -0.01904614269733429 -95.5234146118164 -0.7795401215553284 0.0001933484454639256 0.6263522505760193 66.2471923828125
1624023592.6140335 0.626171350479126 0.024277228862047195 0.7793074250221252 180.602783203125 -0.015055421739816666 0.9997051954269409 -0.01904614269733429 -95.5234146118164 -0.7795401215553284 0.0001933484454639256 0.6263522505760193 66.2471923828125
1624023592.6140335 0.626171350479126 0.024277228862047195 0.7793074250221252 180.602783203125 -0.015055421739816666 0.9997051954269409 -0.01904614269733429 -95.5234146118164 -0.7795401215553284 0.0001933484454639256 0.6263522505760193 66.2471923828125
1624023592.6140335 0.626171350479126 0.024277228862047195 0.7793074250221252 180.602783203125 -0.015055421739816666 0.9997051954269409 -0.01904614269733429 -95.5234146118164 -0.7795401215553284 0.0001933484454639256 0.6263522505760193 66.2471923828125
1624023592.6140335 0.626171350479126 0.024277228862047195 0.7793074250221252 180.602783203125 -0.015055421739816666 0.9997051954269409 -0.01904614269733429 -95.5234146118164 -0.7795401215553284 0.0001933484454639256 0.6263522505760193 66.2471923828125
1624023592.6140335 0.626171350479126 0.024277228862047195 0.7793074250221252 180.602783203125 -0.015055421739816666 0.9997051954269409 -0.01904614269733429 -95.5234146118164 -0.7795401215553284 0.0001933484454639256 0.6263522505760193 66.2471923828125
1624023592.6140335 0.626171350479126 0.024277228862047195 0.7793074250221252 180.602783203125 -0.015055421739816666 0.9997051954269409 -0.01904614269733429 -95.5234146118164 -0.7795401215553284 0.0001933484454639256 0.6263522505760193 66.2471923828125
1624023592.6140335 0.626171350479126 0.024277228862047195 0.7793074250221252 180.602783203125 -0.015055421739816666 0.9997051954269409 -0.01904614269733429 -95.5234146118164 -0.7795401215553284 0.0001933484454639256 0.6263522505760193 66.2471923828125
1624023592.6140335 0.626171350479126 0.024277228862047195 0.7793074250221252 180.602783203125 -0.015055421739816666 0.9997051954269409 -0.01904614269733429 -95.5234146118164 -0.7795401215553284 0.0001933484454639256 0.6263522505760193 66.2471923828125
1624023592.6140335 0.626171350479126 0.024277228862047195 0.7793074250221252 180.602783203125 -0.015055421739816666 0.9997051954269409 -0.01904614269733429 -95.5234146118164 -0.7795401215553284 0.0001933484454639256 0.6263522505760193 66.2471923828125
1624023592.6140335 0.626171350479126 0.024277228862047195 0.7793074250221252 180.602783203125 -0.015055421739816666 0.9997051954269409 -0.01904614269733429 -95.5234146118164 -0.7795401215553284 0.0001933484454639256 0.6263522505760193 66.2471923828125
